
Tuning
    (1,1)   2280.5    2280.5    2280.4    2280.5    2279.3
    (1,2)   2279.1    2279.1    2279.1    2280.4    2289.5
    (1,3)   2280.5    2280.5    2281.8    2229.7    2280.5
    (2,1)   2280.5    2282      2438.7    2280.5    2280.4
    (2,2)   2280.4    2280.5    2280.5    2279.1    2351.4
    (2,3)   2280.4    2280.5    2280.5    2280.5    2280.5
    (3,1)   2190.8    2280.5    2280.5    2280.5    2280.4
    (3,2)   2280.5    2280.5    2280.5    2279.1    2280.5
    (3,3)   2280.4    2280.5    2279.1    2280.4    2280.5

    alpha1  2280.5    2280.5    2331.2    2280.5    2418
    alpha2  2280.5    2280.5    2190.8    2412.3    2331.2

    T01     2280.4    2281.8    2280.5    2280.4    2372.1
    T02     2279.1    2280.4    2280.5    2280.4    2402.4

Accept      2280.5    2280.5    2207.4    2280.5    2279.1


Initial Solution
    Random      2280.5    2229.7    2280.5    2280.4    2280.5
    Simulation  2302.7    2280.5    2279.1    2280.4    2297.2
    Best        2190.8    2190.8    2190.8    2190.8    2190.8

Destroy Policy
    Random      2279.1    2280.5    2279.1    2279.1    2302.7
    Increasing  2310.5    2297.2    2280.5    2342.4    2350

Destroy Comparison
    1   2303.1    2244.9    2316.9    2423.6    2280.5
    2   2279.1    2324.4    2280.5    2279.1    2280.5
    3   2280.5    2328.3    2280.5    2207.4    2280.5
    4   2280.5    2279.1    2279.1    2280.5    2280.4
    5   2279.1    2292.7    2280.4    2206.7    2279.1

Repair Comparison
    1   2280.4    2280.5    2280.5    2280.4    2280.4
    2   2350.8    2442.9    2283      2355.2    2398.1
    3   2280.4    2279.1    2280.5    2280.4    2316.9
    4   2551.3    2336.3    2642.4    2332.3    2421.2
    5   2429.3    2387.2    2453.1    2332.5    2296
    6   2279.1    2280.5    2279.1    2279.1    2280.4
